$ANSIBLE_VAULT;1.1;AES256
34323434343434623731613736363564613334396635343133656432373735313665633537316330
3130363439623765616366313962666664396661643335390a613033313732663535656233333631
62643436323530616537646134393763373034316131656362333731623530643763373639646162
6363363231643235390a363330623434313236326566393335373564346666616537353133616138
33323235313234366533373634316265633633316531663036343138393431636333363764393466
61373363663733346161646466633633646139376338613937333963306537343535333864363664
39363634356561383066313265323638613030626637646335623736656539383166343663343732
31303838636631303961316162373361646562306264653532326662316364383761333165326231
31326264613930646131613937656666613731656638316265626663643962643565653032643965
61343634333261373935386238393262623332373731303262353533646166373930373163386134
66633837316631363736653661373839313236313162616161373034663763633863306565633261
31643233386433616335623139343537373563666236396366306231383734336237306539633532
35623434343665623763663763323964623336346536366363396338343933656330303838333462
3261363931303831653236373236313632333236643463373333
