$ANSIBLE_VAULT;1.1;AES256
35353062313936643836366663353938643836306633663561316535353065653339383466653766
6132316234656330653736613437353433633935326234620a393262393835373162613739373534
39333863356338323135626266653636633266353365613632326539636435363861353262373331
3739626631353064380a396632363437663263663839363565633662346661373231613435303766
36643534313135613034336538393739336239323065336438313366353032643837316436633530
61656432633933393237643865303137626462363062333161633737336665386237383465383864
66343361303934353837333361643264626333636566643061616634353838656262313564643263
66376138633437616363373835363831666430353737653832633936643939353239653139656531
32393333616662653433626261633235346636393263613835363132306565373364393239386365
35353664656430636631616265633133316664613935386435303832353066396564633436616261
31333564336333373939666535643636633731616330633137346237623532376362303138343935
31666439336364643732333932333936663831356563636630623366366532313666626266373566
33366633363362646435353833343734396136346264333835393362373963633937373761336330
63383461396132353765373763633831306439333634353337393065343861343866336437636236
38366666393536623531376362623330643161376664363864626435346165626335373631613439
63356162613333316137
